1.019500000000000000e+20
1.019500000000000000e+20
1.019500000000000000e+20
1.019500000000000000e+20
1.019500000000000000e+20
1.019500000000000000e+20
1.019500000000000000e+20
1.019500000000000000e+20
1.019500000000000000e+20
1.019500000000000000e+20
1.019500000000000000e+20
1.019500000000000000e+20
1.019500000000000000e+20
1.019500000000000000e+20
1.019500000000000000e+20
1.019500000000000000e+20
1.019500000000000000e+20
1.019500000000000000e+20
1.019500000000000000e+20
1.019500000000000000e+20
1.019500000000000000e+20
1.019500000000000000e+20
1.019500000000000000e+20
1.019500000000000000e+20
1.019500000000000000e+20
1.019500000000000000e+20
1.019500000000000000e+20
1.019500000000000000e+20
1.019500000000000000e+20
1.019500000000000000e+20
1.019500000000000000e+20
1.019500000000000000e+20
1.019500000000000000e+20
1.019500000000000000e+20
1.019500000000000000e+20
1.019500000000000000e+20
1.019500000000000000e+20
1.019500000000000000e+20
1.019500000000000000e+20
1.019500000000000000e+20
1.019500000000000000e+20
1.019500000000000000e+20
1.019500000000000000e+20
1.019500000000000000e+20
1.019500000000000000e+20
1.019500000000000000e+20
1.019500000000000000e+20
1.019500000000000000e+20
1.019500000000000000e+20
1.019500000000000000e+20
1.019500000000000000e+20
1.019500000000000000e+20
1.019500000000000000e+20
1.019500000000000000e+20
1.019500000000000000e+20
1.019500000000000000e+20
1.019500000000000000e+20
1.019500000000000000e+20
1.019500000000000000e+20
1.019500000000000000e+20
1.019500000000000000e+20
1.019500000000000000e+20
1.019500000000000000e+20
1.019500000000000000e+20
1.019500000000000000e+20
1.019500000000000000e+20
1.019500000000000000e+20
1.019500000000000000e+20
1.019500000000000000e+20
1.019500000000000000e+20
1.019500000000000000e+20
1.019500000000000000e+20
1.019500000000000000e+20
1.019500000000000000e+20
1.019500000000000000e+20
1.019500000000000000e+20
1.019500000000000000e+20
1.019500000000000000e+20
1.019500000000000000e+20
1.019500000000000000e+20
1.019500000000000000e+20
1.019500000000000000e+20
1.019500000000000000e+20
1.019500000000000000e+20
1.019500000000000000e+20
1.019500000000000000e+20
1.019500000000000000e+20
1.019500000000000000e+20
1.019500000000000000e+20
1.019500000000000000e+20
1.019500000000000000e+20
1.019500000000000000e+20
1.019500000000000000e+20
1.019500000000000000e+20
1.019500000000000000e+20
1.019500000000000000e+20
1.019500000000000000e+20
1.019500000000000000e+20
1.019500000000000000e+20
1.019500000000000000e+20
1.019500000000000000e+20
1.019500000000000000e+20
1.019500000000000000e+20
1.019500000000000000e+20
1.019500000000000000e+20
1.019500000000000000e+20
1.019500000000000000e+20
1.019500000000000000e+20
1.019500000000000000e+20
1.019500000000000000e+20
1.019500000000000000e+20
1.019500000000000000e+20
1.019500000000000000e+20
1.019500000000000000e+20
1.019500000000000000e+20
1.019500000000000000e+20
1.019500000000000000e+20
1.019500000000000000e+20
1.019500000000000000e+20
1.019500000000000000e+20
1.019500000000000000e+20
1.019500000000000000e+20
1.019500000000000000e+20
1.019500000000000000e+20
1.019500000000000000e+20
1.019500000000000000e+20
1.019500000000000000e+20
1.019500000000000000e+20
1.019500000000000000e+20
1.019500000000000000e+20
1.019500000000000000e+20
1.019500000000000000e+20
1.019500000000000000e+20
1.019500000000000000e+20
1.019500000000000000e+20
1.019500000000000000e+20
1.019500000000000000e+20
1.019500000000000000e+20
1.019500000000000000e+20
1.019500000000000000e+20
1.019500000000000000e+20
1.019429145728643236e+20
1.019400000000000000e+20
1.019400000000000000e+20
1.019400000000000000e+20
1.019400000000000000e+20
1.019400000000000000e+20
1.019400000000000000e+20
1.019400000000000000e+20
1.019474874371859251e+20
1.019575376884422083e+20
1.019600000000000000e+20
1.019600000000000000e+20
1.019600000000000000e+20
1.019600000000000000e+20
1.019600000000000000e+20
1.019600000000000000e+20
1.019600000000000000e+20
1.019600000000000000e+20
1.019600000000000000e+20
1.019600000000000000e+20
1.019600000000000000e+20
1.019600000000000000e+20
1.019600000000000000e+20
1.019600000000000000e+20
1.019600000000000000e+20
1.019600000000000000e+20
1.019600000000000000e+20
1.019600000000000000e+20
1.019600000000000000e+20
1.019600000000000000e+20
1.021044562497034486e+20
1.022650646441440215e+20
1.024155496778916332e+20
1.025383291655924122e+20
1.026042691909191598e+20
1.025917262373564416e+20
1.024892613138539315e+20
1.022777509331657359e+20
1.019368698096273981e+20
1.014462970354849219e+20
1.008039070497287537e+20
1.000096891312361308e+20
9.904524467986600755e+19
9.792725426524884173e+19
9.664813054455539302e+19
9.520707315008942899e+19
9.359469139476106445e+19
9.181029028943867085e+19
8.985388018754337178e+19
8.772547288188156314e+19
8.541548325723912602e+19
8.291377419256361779e+19
8.022960602231383654e+19
7.733414884953001165e+19
7.422636173026318746e+19
7.090625882823454720e+19
6.736395449706544333e+19
6.358931140769685504e+19
5.958219171773324493e+19
