2.360419999999999874e+01
2.360411561453372187e+01
2.360401504946199935e+01
2.360391448355736443e+01
2.360381391682206598e+01
2.360371334925840614e+01
2.360358991009528751e+01
2.360257079627022847e+01
2.359698955284134314e+01
2.358500452759754040e+01
2.356544266476650407e+01
2.353707701219967063e+01
2.349979548174528077e+01
2.345362921985551097e+01
2.339882146957384990e+01
2.333543460854118479e+01
2.326371700638692275e+01
2.318380581161821041e+01
2.309589027244138038e+01
2.300015740552564480e+01
2.289667736995253122e+01
2.278594475774101014e+01
2.266901675773381797e+01
2.254718931366042156e+01
2.242180569768508747e+01
2.229433376191481742e+01
2.216604434640150245e+01
2.203825917346324914e+01
2.191237818931146464e+01
2.178973677536395925e+01
2.167160600633135914e+01
2.155864174726525562e+01
2.144965423996389475e+01
2.134292049201514629e+01
2.123655990571471008e+01
2.112878871177536055e+01
2.101769604317258100e+01
2.090139640926654607e+01
2.077816140805302680e+01
2.064605044435821668e+01
2.050338774506527884e+01
2.034936433684466550e+01
2.018525799961673073e+01
2.001309515616225454e+01
1.983488832265654622e+01
1.965282653614243102e+01
1.946899681684615402e+01
1.928536476761474816e+01
1.910415946839750845e+01
1.892742433921625178e+01
1.875703700574496580e+01
1.859402290354667997e+01
1.843734982198822792e+01
1.828542400326053396e+01
1.813646677847735234e+01
1.798888645476721493e+01
1.784084182249980088e+01
1.769063561346700197e+01
1.753667189289132722e+01
1.737720984935482704e+01
1.721061244463373896e+01
1.703624924251592532e+01
1.685501746421795488e+01
1.666830377206799341e+01
1.647750498787199547e+01
1.628404009729901247e+01
1.608939742349440039e+01
1.589491864856453773e+01
1.570204860251428158e+01
1.551221880962867061e+01
1.532678480970013979e+01
1.514619737710806291e+01
1.496987031521118894e+01
1.479678462366438652e+01
1.462589370277861356e+01
1.445623426173613524e+01
1.428675930725803944e+01
1.411638962638171435e+01
1.394413639709718211e+01
1.376904095154725738e+01
1.359020029762274540e+01
1.340740490085915582e+01
1.322147991484792762e+01
1.303362104227993612e+01
1.284501196234149134e+01
1.265673910872578567e+01
1.246998497647286719e+01
1.228595517128762360e+01
1.210571259320337134e+01
1.193046579550628827e+01
1.176122848694437018e+01
1.159827090968862429e+01
1.144093365575541021e+01
1.128825574283008137e+01
1.113936599668577188e+01
1.099335158321425077e+01
1.084929562783568180e+01
1.070628123509167295e+01
1.056343745059354333e+01
1.041980613298550828e+01
1.027455925176932183e+01
1.012749976150906939e+01
9.978952445518345371e+00
9.829514312291609102e+00
9.679695655709769753e+00
9.530013133772390788e+00
9.381017463130705281e+00
9.233175587493347436e+00
9.087096881278730720e+00
8.943281763315727773e+00
8.802151154608468531e+00
8.663891739922780388e+00
8.528255632962803645e+00
8.394896362915030608e+00
8.263506019054535301e+00
8.133778940579167838e+00
8.005409463264335557e+00
7.878148201741056234e+00
7.751618933102785824e+00
7.625547351982256750e+00
7.499708539663846096e+00
7.374268385715918583e+00
7.249723333319473717e+00
7.126642550884413119e+00
7.005635971452027100e+00
6.887315021473910726e+00
6.772168439235583648e+00
6.660792165788283370e+00
6.553833370827455873e+00
6.451778520104998194e+00
6.355101044363774321e+00
6.263474800446714674e+00
6.176032503573014587e+00
6.091923362110762241e+00
6.010133583145928604e+00
5.929744277350457615e+00
5.849804033711895279e+00
5.769365962210199150e+00
5.687513720422863628e+00
5.603261711106451770e+00
5.515939038412333240e+00
5.425733720126303616e+00
5.333502975847203231e+00
5.240191692415390179e+00
5.146787890856591829e+00
5.054092218044445417e+00
4.963108699162151360e+00
4.874808524065196380e+00
4.790033604398673539e+00
4.709820782161365571e+00
4.634838097490779241e+00
4.616399999999999615e+00
4.616399999999999615e+00
4.616399999999999615e+00
4.616399999999999615e+00
4.616399999999999615e+00
4.616399999999999615e+00
4.616399999999999615e+00
4.616399999999999615e+00
4.616399999999999615e+00
4.616399999999999615e+00
4.616399999999999615e+00
4.616399999999999615e+00
4.616399999999999615e+00
4.616399999999999615e+00
4.616399999999999615e+00
4.616399999999999615e+00
4.616399999999999615e+00
4.616399999999999615e+00
4.616399999999999615e+00
4.616399999999999615e+00
4.576447776378079091e+00
4.532157419504708962e+00
4.489620526287980695e+00
4.447734022901681072e+00
4.405468564239806817e+00
4.361808385126010101e+00
4.315737316250556788e+00
4.266150637570273574e+00
4.212022295415294160e+00
4.152522676215633091e+00
4.087659038977612624e+00
4.017534791000239025e+00
3.942526636557636355e+00
3.862856370174029497e+00
3.778820244529612182e+00
3.690722345481329825e+00
3.598773306654289073e+00
3.503176912869233384e+00
3.404231326107536759e+00
3.302237726156732389e+00
3.197021922076933809e+00
3.088572573251689324e+00
2.976697116606874083e+00
2.861386895227121752e+00
2.742543176051706943e+00
2.619966698935667360e+00
2.493553477713335909e+00
2.363202800560615824e+00
2.229999999999999982e+00
